net.IW{1,1}-->

ans =

    1.9606   -1.3636   -1.8148   -2.2994
   -0.0219   -3.8045    3.1060   -0.5697
   -1.8280   -2.5969    3.7348    3.0900
    2.4466    1.8755   -0.3416    1.5679
    1.6441    1.9418    1.8916    2.7876

net.LW{2,1}-->

ans =

    5.5913    1.2381    1.5047   -1.9647    1.8529
   -2.0583    1.2725   -1.4296   -2.0134   -0.7450
    1.5701    1.0987    0.8942   -2.0382    2.0702
    1.9626   -0.5070   -2.1095    1.2898   -2.0984

net.b{1}-->

ans =

   -4.3796
   -1.7154
    0.6106
    1.3064
    4.0952

net.b{2}-->

ans =

   -3.4245
    3.4515
   -1.5198
    2.3573


a =

  Columns 1 through 10

    0.6086    0.8948    1.0446    0.9435    0.6607    0.4640    0.6308    0.4121    0.4410   -0.0278

  Columns 11 through 20

    5.9550    0.8297    0.2553    0.5333    0.4406    1.7683    1.5552    1.8356    1.0427    1.5404

  Columns 21 through 30

    1.5714    1.4913    1.8712    2.3322    2.1809    1.5638    1.9896    3.7436    2.9929    2.5586

  Columns 31 through 40

    2.5118    2.7230    3.2173    2.7640    1.8399    2.8188    1.4361    2.8040    2.8114    2.8967

  Columns 41 through 45

    2.3198    2.3198    1.9438    2.5208    1.2854

>> MLP
net.IW{1,1}-->

ans =

    1.1489    0.6116    2.4070   -3.0961
   -2.9601    0.8833   -0.7952    2.6852
    1.8273   -0.6275   -1.6637   -3.9357
    4.1963   -1.5919   -0.8431    0.5913
    2.3724   -1.4270   -1.6557   -1.9050

net.LW{2,1}-->

ans =

   -1.6159   -2.7675    0.7307    1.4400   -0.5671
   -1.2265   -2.5971   -0.5884   -2.3463    0.8978
    2.5824    1.2217    0.5231    1.4897    2.1708
   -1.8431    1.5577   -0.7454   -1.0416   -1.9452

net.b{1}-->

ans =

    4.3389
    2.2937
    2.4399
    2.3979
   -4.6469

net.b{2}-->

ans =

    3.2105
    3.1357
   -2.9228
    1.4396


a =

  Columns 1 through 10

    1.2325    1.0477    0.9519    1.1315    1.2948    1.3093    1.4633    1.8341    1.5514    1.9415

  Columns 11 through 20

    1.8262    1.9352    2.1476    2.0505    2.2259    2.0914    1.8361    2.0718    2.2570    1.9213

  Columns 21 through 30

    2.3155    2.4388    2.1234    2.0424    1.4407    2.3150    2.6903    2.3451    2.1768    1.9780

  Columns 31 through 40

    2.9617    2.6688    2.7440    2.7002    2.3070    2.5381    2.3595    2.5776    2.2665    5.5824

  Columns 41 through 45

    2.8430    2.8430    3.7380    3.2565    3.1504
