net.IW{1,1}-->

ans =

   -1.1980   -2.9762    1.4961    0.0786
    1.5486   -2.7586    1.1904   -2.5994
    3.8057    0.9415    0.3912    1.8454
    1.6936    0.0499   -1.7846    0.3528
   -0.3073    1.8133    2.2045   -2.4819

net.LW{2,1}-->

ans =

    2.2380   -0.4882   -1.0885    1.3536    2.6860
   -2.2094   -2.7585   -1.9632   -0.3153    1.3879
   -1.1772    1.4576    1.8982    1.6239   -2.1129
   -2.2818   -2.5440   -0.5399   -2.2832   -0.4249

net.b{1}-->

ans =

    4.6721
   -2.1297
   -0.0183
    2.3614
    4.4242

net.b{2}-->

ans =

   -3.3826
    0.3010
   -0.6562
    1.3228


a =

  Columns 1 through 11

    1.1048    1.2710    1.3549    1.2596    1.1993    1.1593    1.2325    1.0415    1.1622    0.9570    1.6854

  Columns 12 through 22

    1.3237    1.1363    1.2444    1.2506    1.6460    1.4928    1.7391    1.4526    1.7557    1.7078    1.8480

  Columns 23 through 33

    1.7730    1.7740    1.5033    1.4864    1.5566    2.0870    1.7900    1.7113    2.5795    2.3599    2.8897

  Columns 34 through 44

    2.2364    2.3002    2.1675    2.2062    2.0600    2.0606    2.7648    2.0796    2.0796    2.1526    1.9378

  Column 45

    1.7290